train set accuracy: 0.988
test set accuracy: 0.951
Feature importances:
[0.         0.         0.         0.         0.         0.
 0.         0.         0.         0.         0.01019737 0.04839825
 0.         0.         0.0024156  0.         0.         0.
 0.         0.         0.72682851 0.0458159  0.         0.
 0.0141577  0.         0.018188   0.1221132  0.01188548 0.        ]
   Unnamed: 0    date        price
0           0  1957.0  411041792.0
1           1  1959.0   67947725.0
2           2  1960.0    5242880.0
3           3  1965.0    2642412.0
4           4  1970.0     734003.0

Process finished with exit code 0