
Data points:
 [[-0.75275929]
 [ 2.70428584]
 [ 1.39196365]
 [ 0.59195091]
 [-2.06388816]]

Bin membership for data points:
 [[ 4]
 [10]
 [ 8]
 [ 6]
 [ 2]]
X_binned:
[[0. 0. 0. 1. 0. 0. 0. 0. 0. 0.]
 [0. 0. 0. 0. 0. 0. 0. 0. 0. 1.]
 [0. 0. 0. 0. 0. 0. 0. 1. 0. 0.]
 [0. 0. 0. 0. 0. 1. 0. 0. 0. 0.]
 [0. 1. 0. 0. 0. 0. 0. 0. 0. 0.]]
X_binned.shape: (100, 10)
X_combined.shape: (100, 11)
(100, 20)
X_poly.shape: (100, 10)
X.shape: (100, 1)
entries of X:
[[-0.75275929]
 [ 2.70428584]
 [ 1.39196365]
 [ 0.59195091]
 [-2.06388816]]
entries of X_poly:
[[-7.52759287e-01  5.66646544e-01 -4.26548448e-01  3.21088306e-01
  -2.41702204e-01  1.81943579e-01 -1.36959719e-01  1.03097700e-01
  -7.76077513e-02  5.84199555e-02]
 [ 2.70428584e+00  7.31316190e+00  1.97768801e+01  5.34823369e+01
   1.44631526e+02  3.91124988e+02  1.05771377e+03  2.86036036e+03
   7.73523202e+03  2.09182784e+04]
 [ 1.39196365e+00  1.93756281e+00  2.69701700e+00  3.75414962e+00
   5.22563982e+00  7.27390068e+00  1.01250053e+01  1.40936394e+01
   1.96178338e+01  2.73073115e+01]
 [ 5.91950905e-01  3.50405874e-01  2.07423074e-01  1.22784277e-01
   7.26822637e-02  4.30243318e-02  2.54682921e-02  1.50759786e-02
   8.92423917e-03  5.28271146e-03]
 [-2.06388816e+00  4.25963433e+00 -8.79140884e+00  1.81444846e+01
  -3.74481869e+01  7.72888694e+01 -1.59515582e+02  3.29222321e+02
  -6.79478050e+02  1.40236670e+03]]
polynomial feature names:
['x0' 'x0^2' 'x0^3' 'x0^4' 'x0^5' 'x0^6' 'x0^7' 'x0^8' 'x0^9' 'x0^10']

Process finished with exit code 0