cluster membership:
[1 2 2 2 0 0 0 2 1 1 2 2 0 1 0 0 0 1 2 2 0 2 0 1 2 0 0 1 1 0 1 1 0 1 2 0 2
 2 2 0 0 2 1 2 2 0 1 1 1 1 2 0 0 0 1 0 2 2 1 1 2 0 0 2 2 0 1 0 1 2 2 2 0 1
 1 2 0 0 1 2 1 2 2 0 1 1 1 1 2 1 0 1 1 2 2 0 0 1 0 1]
[1 2 2 2 0 0 0 2 1 1 2 2 0 1 0 0 0 1 2 2 0 2 0 1 2 0 0 1 1 0 1 1 0 1 2 0 2
 2 2 0 0 2 1 2 2 0 1 1 1 1 2 0 0 0 1 0 2 2 1 1 2 0 0 2 2 0 1 0 1 2 2 2 0 1
 1 2 0 0 1 2 1 2 2 0 1 1 1 1 2 1 0 1 1 2 2 0 0 1 0 1]
cluster membership:
[0 9 4 1 9 5 0 2 0 2 3 6 9 2 8 0 7 6 7 8 5 2 7 2 3 4 9 5 4 7 0 3 2 4 0 5 6
 0 8 4 6 3 7 4 9 3 0 8 4 2 8 6 5 1 2 0 7 2 7 3 6 1 9 0 2 1 3 9 3 1 6 1 6 4
 2 1 4 0 7 6 5 3 6 5 4 3 0 3 6 5 7 0 5 8 5 9 9 6 1 4 2 5 3 0 1 4 1 3 9 7 8
 3 3 1 0 9 7 5 6 0 0 8 4 3 4 8 0 4 2 5 0 8 1 6 2 9 2 1 5 0 4 4 7 3 3 0 4 2
 7 4 6 9 0 7 6 3 2 6 7 7 4 2 7 9 6 9 7 6 9 2 7 1 1 8 4 2 5 8 8 7 9 1 5 9 5
 7 3 2 1 8 1 7 0 0 4 8 5 4 3 9]
distance feature shape: (200, 10)
destance features:
[[0.20114577 1.79608327 1.02576102 ... 0.51057099 1.52608012 1.13956805]
 [1.0130603  2.66745979 0.53925926 ... 1.71532972 2.55646013 0.1199124 ]
 [0.9321221  0.94281523 1.3332387  ... 0.75390788 0.80023234 1.74914157]
 ...
 [0.81176801 1.17728183 1.02075656 ... 0.91527635 1.12442758 1.48991975]
 [1.0283524  1.30493732 1.76193744 ... 0.34709785 0.87902968 1.98056306]
 [0.91038932 2.63552295 0.58824958 ... 1.60715445 2.4971347  0.04506731]]

Process finished with exit code 0